2.934572659432888031e-02
-3.849685192108154297e-02
-4.074976220726966858e-02
-2.889335155487060547e-04
-4.324065893888473511e-02
-7.325489073991775513e-02
-1.160001531243324280e-01
-3.802016004920005798e-02
-1.261894404888153076e-01
6.978697329759597778e-02
-9.264331310987472534e-03
-7.037650048732757568e-02
-3.968483954668045044e-02
1.817900687456130981e-02
-5.145247653126716614e-02
3.307402506470680237e-02
1.159814652055501938e-02
7.579977810382843018e-02
-2.419023029506206512e-02
1.767504028975963593e-02
2.010051719844341278e-02
-1.086621060967445374e-01
5.114418920129537582e-03
4.315338097512722015e-03
-1.095885559916496277e-01
1.338232904672622681e-01
-4.601787403225898743e-02
1.302030682563781738e-01
1.669029332697391510e-02
1.932307705283164978e-02
-5.079881288111209869e-03
1.164612770080566406e-01
-5.527232773602008820e-03
1.145153492689132690e-01
-4.329297691583633423e-03
-1.664482057094573975e-02
1.123245954513549805e-01
-6.643415242433547974e-02
4.107173904776573181e-02
1.450422592461109161e-02
-6.454037129878997803e-02
-3.510992974042892456e-02
8.337500691413879395e-02
-2.616533543914556503e-03
2.246346138417720795e-02
-2.272505126893520355e-02
-1.278667803853750229e-02
-7.934114336967468262e-02
-2.064393833279609680e-02
1.274634301662445068e-01
