1.306343972682952881e-01
4.443746432662010193e-02
-3.211225196719169617e-02
-9.925397112965583801e-03
3.773209452629089355e-02
-1.717221923172473907e-02
-9.143821895122528076e-02
2.060324698686599731e-02
-5.601295456290245056e-02
-2.211230993270874023e-01
-7.018359843641519547e-03
1.377745270729064941e-01
-1.391088664531707764e-01
8.826036006212234497e-02
3.718445077538490295e-02
-6.731515377759933472e-02
8.224487304687500000e-02
-1.182191669940948486e-01
1.092738360166549683e-01
-1.178397610783576965e-02
-9.051246196031570435e-02
1.625168509781360626e-02
5.483740568161010742e-02
-6.483095139265060425e-02
1.198252663016319275e-01
-1.068729627877473831e-02
8.131043612957000732e-02
6.272683292627334595e-02
-4.373722523450851440e-02
-6.777980178594589233e-02
