7.987124472856521606e-02
1.545992330648005009e-03
2.206666953861713409e-02
-8.295262523461133242e-05
5.012312904000282288e-03
-2.627434954047203064e-02
-5.672783032059669495e-02
-4.553186299744993448e-04
2.806248515844345093e-02
-7.491295039653778076e-02
1.287672668695449829e-02
-1.066730394959449768e-01
3.903978690505027771e-02
-7.587458193302154541e-02
-4.715532064437866211e-02
-2.307375334203243256e-02
-3.815161436796188354e-02
-1.130872406065464020e-02
-1.394321676343679428e-02
5.402927845716476440e-02
4.654563497751951218e-03
-2.907993271946907043e-02
1.251809112727642059e-02
2.375927753746509552e-02
3.850335255265235901e-02
-7.274643983691930771e-03
-1.228022575378417969e-02
-8.848401717841625214e-03
-4.566558077931404114e-02
6.263331323862075806e-02
-1.629394292831420898e-02
6.644145399332046509e-02
8.039860427379608154e-02
-6.842533499002456665e-02
-5.684059485793113708e-02
5.220551788806915283e-02
-7.156454771757125854e-02
6.194253265857696533e-02
-6.908635050058364868e-02
-2.076636068522930145e-02
-8.006517589092254639e-02
1.321323774755001068e-02
6.947536766529083252e-02
3.903440013527870178e-02
2.891659922897815704e-02
5.912047997117042542e-02
8.344244211912155151e-02
-3.173607215285301208e-02
-4.466167837381362915e-02
3.621115908026695251e-02
