1.178644418716430664e+00
9.867176413536071777e-01
1.091325759887695312e+00
1.132654547691345215e+00
1.091765403747558594e+00
1.008756399154663086e+00
1.066211938858032227e+00
1.093787074089050293e+00
1.046726703643798828e+00
1.170929431915283203e+00
1.189641952514648438e+00
1.062386155128479004e+00
1.211846709251403809e+00
1.116433143615722656e+00
1.107764363288879395e+00
1.007921576499938965e+00
1.099459290504455566e+00
1.113032221794128418e+00
9.678136110305786133e-01
9.839981198310852051e-01
1.106494903564453125e+00
9.463815689086914062e-01
1.036634445190429688e+00
1.127410411834716797e+00
9.776737093925476074e-01
1.068400382995605469e+00
1.044474244117736816e+00
1.059343695640563965e+00
9.975742101669311523e-01
1.133440375328063965e+00
1.091393947601318359e+00
1.051017999649047852e+00
1.010663270950317383e+00
1.091508388519287109e+00
1.084121346473693848e+00
9.713803529739379883e-01
9.788029789924621582e-01
1.008373737335205078e+00
1.164801001548767090e+00
1.103065967559814453e+00
1.068413257598876953e+00
1.086411237716674805e+00
1.130244374275207520e+00
1.184479832649230957e+00
1.088522076606750488e+00
1.076093912124633789e+00
1.078574061393737793e+00
1.057841897010803223e+00
1.060129523277282715e+00
1.033112883567810059e+00
