9.068256020545959473e-01
9.719135761260986328e-01
1.119179964065551758e+00
1.043842673301696777e+00
1.015772223472595215e+00
9.942232966423034668e-01
1.158222436904907227e+00
1.154374122619628906e+00
9.823098778724670410e-01
1.086857914924621582e+00
1.111362695693969727e+00
1.027257084846496582e+00
1.130064725875854492e+00
1.109875440597534180e+00
1.075931310653686523e+00
1.108031153678894043e+00
9.175003170967102051e-01
1.116676568984985352e+00
1.014805793762207031e+00
1.059295296669006348e+00
1.098724842071533203e+00
1.060925364494323730e+00
1.065728187561035156e+00
1.060967683792114258e+00
1.122198224067687988e+00
1.004149794578552246e+00
1.044445157051086426e+00
9.972757697105407715e-01
1.043509125709533691e+00
1.080945134162902832e+00
1.043879985809326172e+00
1.076450705528259277e+00
1.135036230087280273e+00
1.100951433181762695e+00
1.076320052146911621e+00
1.096800804138183594e+00
1.087083458900451660e+00
1.117255330085754395e+00
1.095975279808044434e+00
1.136039733886718750e+00
1.032555580139160156e+00
9.313592910766601562e-01
1.196520566940307617e+00
1.016865015029907227e+00
1.207484841346740723e+00
9.860017895698547363e-01
1.101847529411315918e+00
1.171401619911193848e+00
1.036756157875061035e+00
1.110322833061218262e+00
