1.037547826766967773e+00
1.029299139976501465e+00
1.088605999946594238e+00
1.105821132659912109e+00
1.053709268569946289e+00
9.135393500328063965e-01
1.086191177368164062e+00
9.345333576202392578e-01
1.103463292121887207e+00
1.110318183898925781e+00
1.029017448425292969e+00
1.022971153259277344e+00
1.091153264045715332e+00
9.409043788909912109e-01
9.275334477424621582e-01
1.024110674858093262e+00
1.097608208656311035e+00
9.417557120323181152e-01
1.016914367675781250e+00
1.143838405609130859e+00
1.125578999519348145e+00
1.015666484832763672e+00
1.030060291290283203e+00
1.078410983085632324e+00
1.097810745239257812e+00
1.017430067062377930e+00
1.114297986030578613e+00
1.109014272689819336e+00
1.119163155555725098e+00
1.111925244331359863e+00
