-1.437575966119766235e-01
9.333295375108718872e-02
-5.255123134702444077e-03
-1.546293613500893116e-03
1.179914083331823349e-02
5.432283505797386169e-02
2.767048217356204987e-02
1.186329424381256104e-01
-4.317939653992652893e-02
7.783324271440505981e-02
2.486341074109077454e-02
1.953106373548507690e-02
4.587355628609657288e-02
-3.035797178745269775e-02
-7.281639426946640015e-02
2.948532812297344208e-02
5.467506870627403259e-02
1.816376857459545135e-02
6.715905666351318359e-02
1.399990078061819077e-02
5.025241896510124207e-02
-2.530139312148094177e-02
7.287225127220153809e-02
3.738109767436981201e-02
6.958859413862228394e-02
7.440242916345596313e-02
5.316653288900852203e-03
1.009522825479507446e-01
-9.865766763687133789e-02
1.390262395143508911e-01
