6.586053222417831421e-02
3.399655967950820923e-02
-1.592884026467800140e-02
1.395256817340850830e-01
5.319570377469062805e-02
-4.079487174749374390e-02
5.518072843551635742e-02
1.970116980373859406e-02
3.545062616467475891e-02
1.272102594375610352e-01
8.604177087545394897e-02
3.484047576785087585e-02
8.720891922712326050e-02
9.501130133867263794e-02
7.591151446104049683e-02
-3.363626077771186829e-02
4.883484914898872375e-02
1.175398305058479309e-01
-4.352828115224838257e-02
4.758512228727340698e-02
3.287224099040031433e-02
-3.460668399930000305e-02
5.259736906737089157e-03
-6.720128934830427170e-03
-5.757023394107818604e-02
1.301138252019882202e-01
2.004845440387725830e-02
-2.167579159140586853e-02
-2.681847289204597473e-02
9.700869768857955933e-02
7.827318459749221802e-02
5.564754083752632141e-02
1.305388100445270538e-02
7.160317897796630859e-02
6.793508678674697876e-02
1.289879716932773590e-02
-2.034478820860385895e-02
-3.721109777688980103e-02
1.000934094190597534e-01
7.375729084014892578e-02
2.301904745399951935e-02
5.718399956822395325e-02
6.977222859859466553e-02
-1.258965581655502319e-02
2.374537475407123566e-02
-1.312586292624473572e-02
9.472469985485076904e-02
3.696639090776443481e-02
7.346013188362121582e-02
1.606449484825134277e-02
