-5.111848190426826477e-02
-3.399952128529548645e-02
-3.993722796440124512e-02
-4.976148530840873718e-02
-3.342067822813987732e-03
-7.761471904814243317e-03
6.776539236307144165e-02
-4.310332005843520164e-04
-1.340764164924621582e-01
-1.146778240799903870e-01
4.867069050669670105e-02
7.128785550594329834e-02
-1.031783595681190491e-02
6.585662066936492920e-02
-4.802729561924934387e-02
-5.870340764522552490e-02
5.191455781459808350e-02
1.011801064014434814e-01
6.088430806994438171e-02
4.021903872489929199e-02
1.139626186341047287e-02
-5.408782884478569031e-02
3.950899932533502579e-03
9.312776476144790649e-02
7.162984460592269897e-02
2.703246194869279861e-03
9.558633714914321899e-02
-1.019915565848350525e-02
1.738728396594524384e-02
1.125204488635063171e-01
2.032422088086605072e-02
8.848823606967926025e-02
-2.595697715878486633e-02
4.519546777009963989e-02
6.316993385553359985e-02
-3.299750387668609619e-02
4.998945444822311401e-02
7.072659581899642944e-02
9.185524284839630127e-02
-5.328115448355674744e-02
-3.768436610698699951e-02
7.102048397064208984e-02
-7.776428014039993286e-02
-5.194716900587081909e-02
5.679614841938018799e-02
-3.199642151594161987e-02
-1.002399027347564697e-01
3.124557435512542725e-02
7.434078305959701538e-02
1.075153425335884094e-01
