1.772564798593521118e-01
-3.288228472229093313e-04
1.151182800531387329e-01
1.406001299619674683e-01
5.367324128746986389e-02
5.399594455957412720e-02
8.182965219020843506e-02
4.721696302294731140e-02
2.200421318411827087e-02
1.683639287948608398e-01
9.606079012155532837e-02
1.121538132429122925e-01
1.457583606243133545e-01
9.871466457843780518e-02
9.766164422035217285e-02
6.161792576313018799e-02
7.954057306051254272e-02
1.329927295446395874e-01
-3.881415724754333496e-02
6.191731616854667664e-02
6.526499986648559570e-02
8.405525237321853638e-03
5.491203814744949341e-02
6.779997050762176514e-02
-3.496071090921759605e-03
5.875001847743988037e-02
6.606382876634597778e-02
2.585441805422306061e-02
-1.196228526532649994e-02
1.810238808393478394e-01
-4.798880312591791153e-03
8.092939853668212891e-02
3.521541506052017212e-02
8.176629245281219482e-02
1.108773201704025269e-01
4.697236046195030212e-02
1.551615633070468903e-02
4.315539821982383728e-02
1.424667537212371826e-01
8.507956564426422119e-02
1.021313965320587158e-01
5.790250375866889954e-02
1.823626607656478882e-01
1.289669126272201538e-01
6.003009900450706482e-02
1.007567346096038818e-02
7.599738985300064087e-02
4.835025221109390259e-02
8.074019104242324829e-02
3.798354417085647583e-02
