-5.906552448868751526e-02
2.155767008662223816e-02
1.551313698291778564e-01
1.018497869372367859e-01
1.600147038698196411e-02
5.365981534123420715e-02
1.462173163890838623e-01
1.529236584901809692e-01
1.034837123006582260e-02
-6.414439529180526733e-03
9.289211034774780273e-02
7.802241947501897812e-03
2.119186371564865112e-01
8.376220613718032837e-02
2.709384076297283173e-02
1.384906172752380371e-01
-3.143474832177162170e-02
1.605296134948730469e-01
1.644745282828807831e-02
1.476397961378097534e-01
5.932692065834999084e-02
7.382878661155700684e-02
4.858814552426338196e-02
1.117398217320442200e-01
1.261963695287704468e-01
2.188077382743358612e-02
1.302652359008789062e-01
-1.102765277028083801e-02
-1.392631675116717815e-03
1.045111045241355896e-01
4.114252328872680664e-02
1.729649752378463745e-01
1.664144992828369141e-01
1.023724004626274109e-01
9.206493943929672241e-02
8.510322123765945435e-02
1.441035121679306030e-01
7.437989860773086548e-02
1.909502446651458740e-01
1.258317828178405762e-01
2.420189604163169861e-02
5.250422656536102295e-02
1.261723339557647705e-01
-2.473971620202064514e-02
9.200868755578994751e-02
1.033348441123962402e-01
7.302511483430862427e-02
7.356705516576766968e-02
8.480751514434814453e-02
1.130830347537994385e-01
