7.655128091573715210e-02
1.033553257584571838e-01
1.249727457761764526e-01
1.059117261320352554e-02
5.773223191499710083e-02
2.946902532130479813e-03
1.065241023898124695e-01
1.352140605449676514e-01
6.880582869052886963e-02
1.110697761178016663e-01
4.592253267765045166e-02
1.411341279745101929e-01
4.505140334367752075e-02
2.877486124634742737e-02
4.191334545612335205e-02
7.549878209829330444e-02
1.990237087011337280e-01
-1.440931204706430435e-02
1.111125871539115906e-01
1.127793863415718079e-01
2.039771713316440582e-02
6.652685254812240601e-02
1.826173812150955200e-01
1.756292730569839478e-01
8.472014218568801880e-02
1.067967042326927185e-01
3.877286985516548157e-02
1.710288524627685547e-01
1.329680830240249634e-01
1.526528894901275635e-01
