9.163498878479003906e-02
-5.189745128154754639e-02
6.047175079584121704e-02
-4.026091098785400391e-02
1.401928961277008057e-01
-5.810409411787986755e-02
-1.073078811168670654e-01
5.178213864564895630e-02
1.940865651704370975e-03
3.031550720334053040e-02
-7.133420091122388840e-03
-1.185121834278106689e-01
5.678013339638710022e-02
-3.161365538835525513e-02
-1.092909723520278931e-01
-5.278250202536582947e-02
-1.164453923702239990e-01
-1.857385970652103424e-02
5.473871156573295593e-02
-5.150405690073966980e-03
-6.022799294441938400e-03
-8.103252388536930084e-03
7.652940228581428528e-03
-6.944627314805984497e-02
-1.983876153826713562e-02
1.252547502517700195e-01
1.516914833337068558e-02
-8.256976306438446045e-02
-3.477730602025985718e-02
-7.622613338753581047e-04
-1.677658408880233765e-02
-1.268109679222106934e-02
2.352838404476642609e-02
3.537976369261741638e-02
-3.727713366970419884e-03
-1.757590845227241516e-02
3.761170804500579834e-02
-1.570191532373428345e-01
1.568705588579177856e-02
-1.015572547912597656e-01
3.527138382196426392e-02
-1.926837675273418427e-02
-2.768368646502494812e-02
6.069086864590644836e-02
-1.038650721311569214e-01
6.241180747747421265e-02
-5.747099220752716064e-02
6.504404544830322266e-02
5.766967311501502991e-02
-4.705092683434486389e-02
