1.028446316719055176e+00
1.135335803031921387e+00
1.011383175849914551e+00
1.058209896087646484e+00
1.116303205490112305e+00
1.101433396339416504e+00
1.075857043266296387e+00
1.124014735221862793e+00
9.372831583023071289e-01
1.105820178985595703e+00
1.109928250312805176e+00
1.068871259689331055e+00
1.137644052505493164e+00
1.106410980224609375e+00
1.092277050018310547e+00
1.034898638725280762e+00
1.121098518371582031e+00
1.042072653770446777e+00
1.100624918937683105e+00
1.070160388946533203e+00
1.152146458625793457e+00
1.050613403320312500e+00
1.097615122795104980e+00
9.791805148124694824e-01
1.006186127662658691e+00
1.126064538955688477e+00
1.101464629173278809e+00
1.159595489501953125e+00
1.098141908645629883e+00
9.391353726387023926e-01
1.077295064926147461e+00
1.146046519279479980e+00
1.116472125053405762e+00
1.109381198883056641e+00
1.091204166412353516e+00
1.206591010093688965e+00
1.054006934165954590e+00
1.169218301773071289e+00
9.755566716194152832e-01
1.062034010887145996e+00
1.133223891258239746e+00
1.157884359359741211e+00
1.135938048362731934e+00
1.045104384422302246e+00
1.053253769874572754e+00
1.016534566879272461e+00
1.093383550643920898e+00
1.260851263999938965e+00
1.129936337471008301e+00
1.008813142776489258e+00
