-4.825389385223388672e-02
7.126775383949279785e-02
2.101531997323036194e-02
-4.340834915637969971e-02
7.006038725376129150e-02
8.833201229572296143e-02
1.327788922935724258e-03
-5.133790150284767151e-02
9.430988132953643799e-02
-2.769459784030914307e-02
7.078348100185394287e-02
2.275272645056247711e-02
1.900995522737503052e-02
-3.839297220110893250e-02
1.904110908508300781e-01
1.948963035829365253e-03
3.901734948158264160e-02
2.692173933610320091e-03
1.088496148586273193e-01
2.827283181250095367e-02
-7.019560318440198898e-03
-1.090225502848625183e-01
-7.871411740779876709e-02
9.357520192861557007e-02
1.286003291606903076e-01
-2.527963928878307343e-02
-1.886921375989913940e-02
-7.839962840080261230e-03
1.090513728559017181e-02
-6.951790302991867065e-02
1.173330820165574551e-03
-9.704029560089111328e-02
-4.050574824213981628e-02
-1.028222069144248962e-01
5.274208635091781616e-02
6.852795183658599854e-02
-6.268334388732910156e-02
9.540197998285293579e-02
1.219934448599815369e-01
1.174323707818984985e-01
5.137902218848466873e-03
2.619424276053905487e-02
1.938552968204021454e-02
-6.036915630102157593e-02
-1.818823069334030151e-02
1.705223321914672852e-02
3.642894094809889793e-03
8.097789436578750610e-02
3.846627473831176758e-02
-1.293244063854217529e-01
