6.836371123790740967e-02
1.460441648960113525e-01
-2.768105268478393555e-02
5.621419101953506470e-02
1.413422226905822754e-01
6.344681233167648315e-02
1.098839044570922852e-01
8.051464706659317017e-02
7.069292664527893066e-02
1.294021904468536377e-01
9.100045263767242432e-02
1.201134324073791504e-01
6.465975940227508545e-02
1.210049688816070557e-01
1.147252172231674194e-01
8.955267816781997681e-02
1.503647863864898682e-01
-5.247091501951217651e-02
7.621034979820251465e-02
5.044150166213512421e-03
1.262082755565643311e-01
9.513872116804122925e-02
1.036876589059829712e-01
3.438295796513557434e-02
1.427814643830060959e-02
-3.830030933022499084e-02
8.088405430316925049e-02
1.795815527439117432e-01
5.485347658395767212e-02
-5.852068215608596802e-02
7.516463100910186768e-02
2.105685174465179443e-01
5.589750036597251892e-02
1.171011254191398621e-01
8.883800357580184937e-02
1.712030321359634399e-01
2.392334863543510437e-02
1.749877333641052246e-01
6.252940744161605835e-02
1.586419790983200073e-01
1.917564272880554199e-01
5.789756029844284058e-02
1.591040194034576416e-01
5.232619866728782654e-02
1.052729133516550064e-02
1.195669621229171753e-01
9.544131904840469360e-02
2.505758404731750488e-01
1.462315618991851807e-01
5.169864371418952942e-02
