-1.441313326358795166e-01
1.467597782611846924e-01
2.514911349862813950e-03
-1.080783549696207047e-02
1.136732921004295349e-01
8.639868348836898804e-02
-4.951496794819831848e-02
-1.240306496620178223e-01
-6.845907121896743774e-02
-1.934901438653469086e-02
-5.585915595293045044e-02
-1.612027585506439209e-01
-1.385464966297149658e-01
2.430505156517028809e-01
1.090002208948135376e-01
9.375965595245361328e-02
-1.194927245378494263e-01
2.706125080585479736e-01
-5.841482058167457581e-02
-4.973829388618469238e-01
-1.099653765559196472e-01
9.288702160120010376e-02
-1.864225566387176514e-01
-4.251561164855957031e-01
6.157919391989707947e-02
1.519085764884948730e-01
-5.069254040718078613e-01
-5.982505157589912415e-02
4.101288914680480957e-01
3.032149672508239746e-01
2.853529453277587891e-01
-2.530210316181182861e-01
6.519519537687301636e-02
-2.016671597957611084e-01
-1.496362388134002686e-01
3.903023898601531982e-01
-2.940590679645538330e-01
-9.041222743690013885e-03
5.188862979412078857e-02
-6.912811100482940674e-02
-4.843921959400177002e-02
-1.486833989620208740e-01
-1.420298218727111816e-01
-4.696062803268432617e-01
-2.028639912605285645e-01
-5.807249248027801514e-02
-3.068062067031860352e-01
-2.049570381641387939e-01
4.040399193763732910e-02
-2.910696268081665039e-01
-1.471223384141921997e-01
2.096789777278900146e-01
-2.208819687366485596e-01
-3.118775486946105957e-01
-1.534823477268218994e-01
2.041888982057571411e-01
2.575045824050903320e-01
2.951660454273223877e-01
2.075588554143905640e-01
-7.633032277226448059e-03
-2.117581069469451904e-01
-2.014924138784408569e-01
1.274057179689407349e-01
4.870246350765228271e-02
3.952796161174774170e-01
1.927051395177841187e-01
1.856295615434646606e-01
1.584333926439285278e-01
2.745749652385711670e-01
1.968492940068244934e-02
-4.004613459110260010e-01
-3.124229013919830322e-01
4.107645153999328613e-01
1.588983982801437378e-01
-2.871175110340118408e-01
2.463334798812866211e-01
8.113513886928558350e-02
1.450839787721633911e-01
3.079432249069213867e-01
6.839463952928781509e-03
-2.896874211728572845e-03
2.187878340482711792e-01
1.704425513744354248e-01
1.159885078668594360e-01
2.848733216524124146e-02
1.835530549287796021e-01
4.954919964075088501e-02
-1.662457138299942017e-01
1.284808367490768433e-01
2.371253222227096558e-01
2.880106866359710693e-01
-1.779970973730087280e-01
-2.142759114503860474e-01
-2.416500598192214966e-01
2.991597354412078857e-01
1.057190224528312683e-01
-1.485456973314285278e-01
-1.296704709529876709e-01
-2.262572497129440308e-01
-4.193858429789543152e-02
-1.893552094697952271e-01
-8.341753482818603516e-02
-1.130280550569295883e-02
-1.348941624164581299e-01
2.900015413761138916e-01
2.994062900543212891e-01
2.760278433561325073e-02
-2.451618313789367676e-01
-2.882027439773082733e-02
1.062270924448966980e-01
-3.572145402431488037e-01
-2.197510004043579102e-01
-3.370875418186187744e-01
-2.583963572978973389e-01
1.189597323536872864e-01
8.472987450659275055e-03
-7.107278704643249512e-02
-1.995275318622589111e-01
-8.715131878852844238e-02
-2.300797402858734131e-01
-7.754027098417282104e-02
-2.753518335521221161e-02
-9.156312048435211182e-02
-1.628581285476684570e-01
-3.234782814979553223e-02
-2.697969079017639160e-01
2.183000445365905762e-01
-1.396525204181671143e-01
1.422358751296997070e-01
2.803556323051452637e-01
2.460023462772369385e-01
-3.899766132235527039e-03
8.584117516875267029e-03
3.250247538089752197e-01
-1.094783172011375427e-01
-3.407907783985137939e-01
-1.967302858829498291e-01
-3.713131844997406006e-01
2.596711218357086182e-01
-8.253365755081176758e-02
2.052718847990036011e-01
2.718731164932250977e-01
-1.429570615291595459e-01
-6.269806623458862305e-02
9.077270328998565674e-02
4.047209024429321289e-01
-6.046529412269592285e-01
1.756957173347473145e-01
4.958955347537994385e-01
-1.077527739107608795e-02
-4.352818056941032410e-02
4.132467787712812424e-03
-2.058099806308746338e-01
1.628618240356445312e-01
-9.678263962268829346e-02
2.639164682477712631e-03
-2.973484396934509277e-01
-7.609505206346511841e-02
-1.817952394485473633e-01
1.221924796700477600e-01
-3.683482706546783447e-01
-2.553869737312197685e-03
-2.314724922180175781e-01
-1.723256409168243408e-01
2.892098724842071533e-01
2.033762335777282715e-01
-3.964806199073791504e-01
-2.202945053577423096e-01
3.276473283767700195e-01
-2.011507302522659302e-01
-7.310234755277633667e-02
3.314670175313949585e-02
-4.721330702304840088e-01
3.645585775375366211e-01
-4.014627262949943542e-02
-2.564139366149902344e-01
4.164138734340667725e-01
2.077725827693939209e-01
-1.776209175586700439e-01
7.206028699874877930e-02
4.780544638633728027e-01
2.165520563721656799e-02
2.257704734802246094e-01
-2.138762921094894409e-01
1.064869090914726257e-01
-2.575669884681701660e-01
-2.833232656121253967e-02
4.667096957564353943e-02
-2.313134521245956421e-01
-2.384352535009384155e-01
3.819847404956817627e-01
1.353117823600769043e-01
8.742989599704742432e-02
2.070087641477584839e-01
-3.438823819160461426e-01
-2.268982380628585815e-01
4.329564869403839111e-01
-1.575341969728469849e-01
4.284893870353698730e-01
4.183090329170227051e-01
3.325686231255531311e-02
7.547158002853393555e-02
2.173775993287563324e-02
-1.263856049627065659e-02
1.705199778079986572e-01
-2.996881604194641113e-01
-2.829678952693939209e-01
-2.915344536304473877e-01
-1.426953524351119995e-01
-1.469396054744720459e-01
1.782995313405990601e-01
-1.327745169401168823e-01
3.820202350616455078e-01
-8.146675676107406616e-02
-1.105832681059837341e-01
3.253140747547149658e-01
1.715516597032546997e-01
2.972756028175354004e-01
-2.909387648105621338e-01
3.771903738379478455e-02
1.832026690244674683e-01
-7.694176584482192993e-02
-7.022434473037719727e-02
-7.932447642087936401e-02
2.034473270177841187e-01
2.518414519727230072e-02
7.650279253721237183e-02
-1.332406103610992432e-01
-3.349342644214630127e-01
-7.546145468950271606e-02
2.151243537664413452e-01
-2.441393025219440460e-02
-1.888927668333053589e-01
7.604057341814041138e-02
-3.359956741333007812e-01
1.323542445898056030e-01
2.007668316364288330e-01
6.884524971246719360e-02
2.390132844448089600e-01
-2.152772843837738037e-01
5.246295928955078125e-01
-4.617924094200134277e-01
-2.026493102312088013e-01
2.351169586181640625e-01
-6.074867025017738342e-02
3.994294628500938416e-02
-1.163416132330894470e-01
-2.144260555505752563e-01
4.175631999969482422e-01
1.561687290668487549e-01
-3.097445666790008545e-01
1.900140494108200073e-01
-4.956467449665069580e-01
3.282345831394195557e-01
9.985379874706268311e-02
2.450699508190155029e-01
3.084594607353210449e-01
8.485229685902595520e-03
2.340867668390274048e-01
-4.368745088577270508e-01
-3.517938852310180664e-01
-3.124645352363586426e-01
1.349988877773284912e-01
5.316757131367921829e-03
4.205501079559326172e-01
3.550973534584045410e-01
-1.971223205327987671e-01
3.812516629695892334e-01
2.479688376188278198e-01
-1.484427899122238159e-01
-7.014029473066329956e-02
7.849117368459701538e-02
-1.485739499330520630e-01
2.155203372240066528e-01
2.738744318485260010e-01
2.236659526824951172e-01
-1.342953294515609741e-01
8.511000871658325195e-02
-3.404884934425354004e-01
-7.854294776916503906e-02
-2.229534685611724854e-01
1.824654042720794678e-01
-1.614896655082702637e-01
8.486755192279815674e-02
-1.154182478785514832e-01
1.563490033149719238e-01
-1.016561314463615417e-01
-1.196260005235671997e-01
2.791263759136199951e-01
3.327504396438598633e-01
-3.675217032432556152e-01
3.198007643222808838e-01
1.803972274065017700e-01
-2.196974009275436401e-01
2.460663765668869019e-01
-1.715683639049530029e-01
1.013033390045166016e-01
-1.201773881912231445e-01
3.697047531604766846e-01
1.115976497530937195e-01
1.111389547586441040e-01
-2.099048197269439697e-01
-3.442122787237167358e-02
2.245990782976150513e-01
3.461281955242156982e-01
-3.130812942981719971e-01
3.034118935465812683e-02
5.541751161217689514e-02
-9.846075624227523804e-02
-2.223755419254302979e-02
2.799254953861236572e-01
2.164181917905807495e-01
-3.072030842304229736e-01
4.852871596813201904e-01
-2.777407169342041016e-01
-3.167169094085693359e-01
-2.675946652889251709e-01
-4.947720170021057129e-01
2.763785719871520996e-01
-2.816466093063354492e-01
4.964578896760940552e-02
-1.340684741735458374e-01
-1.441313326358795166e-01
1.467597782611846924e-01
2.514911349862813950e-03
-1.080783549696207047e-02
1.136732921004295349e-01
8.639868348836898804e-02
-4.951496794819831848e-02
-1.240306496620178223e-01
-6.845907121896743774e-02
-1.934901438653469086e-02
-5.585915595293045044e-02
-1.612027585506439209e-01
-1.385464966297149658e-01
2.430505156517028809e-01
1.090002208948135376e-01
9.375965595245361328e-02
-1.194927245378494263e-01
2.706125080585479736e-01
-5.841482058167457581e-02
-4.973829388618469238e-01
-1.099653765559196472e-01
9.288702160120010376e-02
-1.864225566387176514e-01
-4.251561164855957031e-01
6.157919391989707947e-02
1.519085764884948730e-01
-5.069254040718078613e-01
-5.982505157589912415e-02
4.101288914680480957e-01
3.032149672508239746e-01
2.853529453277587891e-01
-2.530210316181182861e-01
6.519519537687301636e-02
-2.016671597957611084e-01
-1.496362388134002686e-01
3.903023898601531982e-01
-2.940590679645538330e-01
-9.041222743690013885e-03
5.188862979412078857e-02
-6.912811100482940674e-02
-4.843921959400177002e-02
-1.486833989620208740e-01
-1.420298218727111816e-01
-4.696062803268432617e-01
-2.028639912605285645e-01
-5.807249248027801514e-02
-3.068062067031860352e-01
-2.049570381641387939e-01
4.040399193763732910e-02
-2.910696268081665039e-01
-1.471223384141921997e-01
2.096789777278900146e-01
-2.208819687366485596e-01
-3.118775486946105957e-01
-1.534823477268218994e-01
2.041888982057571411e-01
2.575045824050903320e-01
2.951660454273223877e-01
2.075588554143905640e-01
-7.633032277226448059e-03
-2.117581069469451904e-01
-2.014924138784408569e-01
1.274057179689407349e-01
4.870246350765228271e-02
3.952796161174774170e-01
1.927051395177841187e-01
1.856295615434646606e-01
1.584333926439285278e-01
2.745749652385711670e-01
1.968492940068244934e-02
-4.004613459110260010e-01
-3.124229013919830322e-01
4.107645153999328613e-01
1.588983982801437378e-01
-2.871175110340118408e-01
2.463334798812866211e-01
8.113513886928558350e-02
1.450839787721633911e-01
3.079432249069213867e-01
6.839463952928781509e-03
-2.896874211728572845e-03
2.187878340482711792e-01
1.704425513744354248e-01
1.159885078668594360e-01
2.848733216524124146e-02
1.835530549287796021e-01
4.954919964075088501e-02
-1.662457138299942017e-01
1.284808367490768433e-01
2.371253222227096558e-01
2.880106866359710693e-01
-1.779970973730087280e-01
-2.142759114503860474e-01
-2.416500598192214966e-01
2.991597354412078857e-01
1.057190224528312683e-01
-1.485456973314285278e-01
-1.296704709529876709e-01
-2.262572497129440308e-01
-4.193858429789543152e-02
-1.893552094697952271e-01
-8.341753482818603516e-02
-1.130280550569295883e-02
-1.348941624164581299e-01
2.900015413761138916e-01
2.994062900543212891e-01
2.760278433561325073e-02
-2.451618313789367676e-01
-2.882027439773082733e-02
1.062270924448966980e-01
-3.572145402431488037e-01
-2.197510004043579102e-01
-3.370875418186187744e-01
-2.583963572978973389e-01
1.189597323536872864e-01
8.472987450659275055e-03
-7.107278704643249512e-02
-1.995275318622589111e-01
-8.715131878852844238e-02
-2.300797402858734131e-01
-7.754027098417282104e-02
-2.753518335521221161e-02
-9.156312048435211182e-02
-1.628581285476684570e-01
-3.234782814979553223e-02
-2.697969079017639160e-01
2.183000445365905762e-01
-1.396525204181671143e-01
1.422358751296997070e-01
2.803556323051452637e-01
2.460023462772369385e-01
-3.899766132235527039e-03
8.584117516875267029e-03
3.250247538089752197e-01
-1.094783172011375427e-01
-3.407907783985137939e-01
-1.967302858829498291e-01
-3.713131844997406006e-01
2.596711218357086182e-01
-8.253365755081176758e-02
2.052718847990036011e-01
2.718731164932250977e-01
-1.429570615291595459e-01
-6.269806623458862305e-02
9.077270328998565674e-02
4.047209024429321289e-01
-6.046529412269592285e-01
1.756957173347473145e-01
4.958955347537994385e-01
-1.077527739107608795e-02
-4.352818056941032410e-02
4.132467787712812424e-03
-2.058099806308746338e-01
1.628618240356445312e-01
-9.678263962268829346e-02
2.639164682477712631e-03
-2.973484396934509277e-01
-7.609505206346511841e-02
-1.817952394485473633e-01
1.221924796700477600e-01
-3.683482706546783447e-01
-2.553869737312197685e-03
-2.314724922180175781e-01
-1.723256409168243408e-01
2.892098724842071533e-01
2.033762335777282715e-01
-3.964806199073791504e-01
-2.202945053577423096e-01
3.276473283767700195e-01
-2.011507302522659302e-01
-7.310234755277633667e-02
3.314670175313949585e-02
-4.721330702304840088e-01
3.645585775375366211e-01
-4.014627262949943542e-02
-2.564139366149902344e-01
4.164138734340667725e-01
2.077725827693939209e-01
-1.776209175586700439e-01
7.206028699874877930e-02
4.780544638633728027e-01
2.165520563721656799e-02
2.257704734802246094e-01
-2.138762921094894409e-01
1.064869090914726257e-01
-2.575669884681701660e-01
-2.833232656121253967e-02
4.667096957564353943e-02
-2.313134521245956421e-01
-2.384352535009384155e-01
3.819847404956817627e-01
1.353117823600769043e-01
8.742989599704742432e-02
2.070087641477584839e-01
-3.438823819160461426e-01
-2.268982380628585815e-01
4.329564869403839111e-01
-1.575341969728469849e-01
4.284893870353698730e-01
4.183090329170227051e-01
3.325686231255531311e-02
7.547158002853393555e-02
2.173775993287563324e-02
-1.263856049627065659e-02
1.705199778079986572e-01
-2.996881604194641113e-01
-2.829678952693939209e-01
-2.915344536304473877e-01
-1.426953524351119995e-01
-1.469396054744720459e-01
1.782995313405990601e-01
-1.327745169401168823e-01
3.820202350616455078e-01
-8.146675676107406616e-02
-1.105832681059837341e-01
3.253140747547149658e-01
1.715516597032546997e-01
2.972756028175354004e-01
-2.909387648105621338e-01
3.771903738379478455e-02
1.832026690244674683e-01
-7.694176584482192993e-02
-7.022434473037719727e-02
-7.932447642087936401e-02
2.034473270177841187e-01
2.518414519727230072e-02
7.650279253721237183e-02
-1.332406103610992432e-01
-3.349342644214630127e-01
-7.546145468950271606e-02
2.151243537664413452e-01
-2.441393025219440460e-02
-1.888927668333053589e-01
7.604057341814041138e-02
-3.359956741333007812e-01
1.323542445898056030e-01
2.007668316364288330e-01
6.884524971246719360e-02
2.390132844448089600e-01
-2.152772843837738037e-01
5.246295928955078125e-01
-4.617924094200134277e-01
-2.026493102312088013e-01
2.351169586181640625e-01
-6.074867025017738342e-02
3.994294628500938416e-02
-1.163416132330894470e-01
-2.144260555505752563e-01
4.175631999969482422e-01
1.561687290668487549e-01
-3.097445666790008545e-01
1.900140494108200073e-01
-4.956467449665069580e-01
3.282345831394195557e-01
9.985379874706268311e-02
2.450699508190155029e-01
3.084594607353210449e-01
8.485229685902595520e-03
2.340867668390274048e-01
-4.368745088577270508e-01
-3.517938852310180664e-01
-3.124645352363586426e-01
1.349988877773284912e-01
5.316757131367921829e-03
4.205501079559326172e-01
3.550973534584045410e-01
-1.971223205327987671e-01
3.812516629695892334e-01
2.479688376188278198e-01
-1.484427899122238159e-01
-7.014029473066329956e-02
7.849117368459701538e-02
-1.485739499330520630e-01
2.155203372240066528e-01
2.738744318485260010e-01
2.236659526824951172e-01
-1.342953294515609741e-01
8.511000871658325195e-02
-3.404884934425354004e-01
-7.854294776916503906e-02
-2.229534685611724854e-01
1.824654042720794678e-01
-1.614896655082702637e-01
8.486755192279815674e-02
-1.154182478785514832e-01
1.563490033149719238e-01
-1.016561314463615417e-01
-1.196260005235671997e-01
2.791263759136199951e-01
3.327504396438598633e-01
-3.675217032432556152e-01
3.198007643222808838e-01
1.803972274065017700e-01
-2.196974009275436401e-01
2.460663765668869019e-01
-1.715683639049530029e-01
1.013033390045166016e-01
-1.201773881912231445e-01
3.697047531604766846e-01
1.115976497530937195e-01
1.111389547586441040e-01
-2.099048197269439697e-01
-3.442122787237167358e-02
2.245990782976150513e-01
3.461281955242156982e-01
-3.130812942981719971e-01
3.034118935465812683e-02
5.541751161217689514e-02
-9.846075624227523804e-02
-2.223755419254302979e-02
2.799254953861236572e-01
2.164181917905807495e-01
-3.072030842304229736e-01
4.852871596813201904e-01
-2.777407169342041016e-01
-3.167169094085693359e-01
-2.675946652889251709e-01
-4.947720170021057129e-01
2.763785719871520996e-01
-2.816466093063354492e-01
4.964578896760940552e-02
-1.340684741735458374e-01
-1.441313326358795166e-01
1.467597782611846924e-01
2.514911349862813950e-03
-1.080783549696207047e-02
1.136732921004295349e-01
8.639868348836898804e-02
-4.951496794819831848e-02
-1.240306496620178223e-01
-6.845907121896743774e-02
-1.934901438653469086e-02
-5.585915595293045044e-02
-1.612027585506439209e-01
-1.385464966297149658e-01
2.430505156517028809e-01
1.090002208948135376e-01
9.375965595245361328e-02
-1.194927245378494263e-01
2.706125080585479736e-01
-5.841482058167457581e-02
-4.973829388618469238e-01
-1.099653765559196472e-01
9.288702160120010376e-02
-1.864225566387176514e-01
-4.251561164855957031e-01
6.157919391989707947e-02
1.519085764884948730e-01
-5.069254040718078613e-01
-5.982505157589912415e-02
4.101288914680480957e-01
3.032149672508239746e-01
2.853529453277587891e-01
-2.530210316181182861e-01
6.519519537687301636e-02
-2.016671597957611084e-01
-1.496362388134002686e-01
3.903023898601531982e-01
-2.940590679645538330e-01
-9.041222743690013885e-03
5.188862979412078857e-02
-6.912811100482940674e-02
-4.843921959400177002e-02
-1.486833989620208740e-01
-1.420298218727111816e-01
-4.696062803268432617e-01
-2.028639912605285645e-01
-5.807249248027801514e-02
-3.068062067031860352e-01
-2.049570381641387939e-01
4.040399193763732910e-02
-2.910696268081665039e-01
-1.471223384141921997e-01
2.096789777278900146e-01
-2.208819687366485596e-01
-3.118775486946105957e-01
-1.534823477268218994e-01
2.041888982057571411e-01
2.575045824050903320e-01
2.951660454273223877e-01
2.075588554143905640e-01
-7.633032277226448059e-03
-2.117581069469451904e-01
-2.014924138784408569e-01
1.274057179689407349e-01
4.870246350765228271e-02
3.952796161174774170e-01
1.927051395177841187e-01
1.856295615434646606e-01
1.584333926439285278e-01
2.745749652385711670e-01
1.968492940068244934e-02
-4.004613459110260010e-01
-3.124229013919830322e-01
4.107645153999328613e-01
1.588983982801437378e-01
-2.871175110340118408e-01
2.463334798812866211e-01
8.113513886928558350e-02
1.450839787721633911e-01
3.079432249069213867e-01
6.839463952928781509e-03
-2.896874211728572845e-03
2.187878340482711792e-01
1.704425513744354248e-01
1.159885078668594360e-01
2.848733216524124146e-02
1.835530549287796021e-01
4.954919964075088501e-02
-1.662457138299942017e-01
1.284808367490768433e-01
2.371253222227096558e-01
2.880106866359710693e-01
-1.779970973730087280e-01
-2.142759114503860474e-01
-2.416500598192214966e-01
2.991597354412078857e-01
1.057190224528312683e-01
-1.485456973314285278e-01
-1.296704709529876709e-01
-2.262572497129440308e-01
-4.193858429789543152e-02
-1.893552094697952271e-01
-8.341753482818603516e-02
-1.130280550569295883e-02
-1.348941624164581299e-01
2.900015413761138916e-01
2.994062900543212891e-01
2.760278433561325073e-02
-2.451618313789367676e-01
-2.882027439773082733e-02
1.062270924448966980e-01
-3.572145402431488037e-01
-2.197510004043579102e-01
-3.370875418186187744e-01
-2.583963572978973389e-01
1.189597323536872864e-01
8.472987450659275055e-03
-7.107278704643249512e-02
-1.995275318622589111e-01
-8.715131878852844238e-02
-2.300797402858734131e-01
-7.754027098417282104e-02
-2.753518335521221161e-02
-9.156312048435211182e-02
-1.628581285476684570e-01
-3.234782814979553223e-02
-2.697969079017639160e-01
2.183000445365905762e-01
-1.396525204181671143e-01
1.422358751296997070e-01
2.803556323051452637e-01
2.460023462772369385e-01
-3.899766132235527039e-03
8.584117516875267029e-03
3.250247538089752197e-01
-1.094783172011375427e-01
-3.407907783985137939e-01
-1.967302858829498291e-01
-3.713131844997406006e-01
2.596711218357086182e-01
-8.253365755081176758e-02
2.052718847990036011e-01
2.718731164932250977e-01
-1.429570615291595459e-01
-6.269806623458862305e-02
9.077270328998565674e-02
4.047209024429321289e-01
-6.046529412269592285e-01
1.756957173347473145e-01
4.958955347537994385e-01
-1.077527739107608795e-02
-4.352818056941032410e-02
4.132467787712812424e-03
-2.058099806308746338e-01
1.628618240356445312e-01
-9.678263962268829346e-02
2.639164682477712631e-03
-2.973484396934509277e-01
-7.609505206346511841e-02
-1.817952394485473633e-01
1.221924796700477600e-01
-3.683482706546783447e-01
-2.553869737312197685e-03
-2.314724922180175781e-01
-1.723256409168243408e-01
2.892098724842071533e-01
2.033762335777282715e-01
-3.964806199073791504e-01
-2.202945053577423096e-01
3.276473283767700195e-01
-2.011507302522659302e-01
-7.310234755277633667e-02
3.314670175313949585e-02
-4.721330702304840088e-01
3.645585775375366211e-01
-4.014627262949943542e-02
-2.564139366149902344e-01
4.164138734340667725e-01
2.077725827693939209e-01
-1.776209175586700439e-01
7.206028699874877930e-02
4.780544638633728027e-01
2.165520563721656799e-02
2.257704734802246094e-01
-2.138762921094894409e-01
1.064869090914726257e-01
-2.575669884681701660e-01
-2.833232656121253967e-02
4.667096957564353943e-02
-2.313134521245956421e-01
-2.384352535009384155e-01
3.819847404956817627e-01
1.353117823600769043e-01
8.742989599704742432e-02
2.070087641477584839e-01
-3.438823819160461426e-01
-2.268982380628585815e-01
4.329564869403839111e-01
-1.575341969728469849e-01
4.284893870353698730e-01
4.183090329170227051e-01
3.325686231255531311e-02
7.547158002853393555e-02
2.173775993287563324e-02
-1.263856049627065659e-02
1.705199778079986572e-01
-2.996881604194641113e-01
-2.829678952693939209e-01
-2.915344536304473877e-01
-1.426953524351119995e-01
-1.469396054744720459e-01
1.782995313405990601e-01
-1.327745169401168823e-01
3.820202350616455078e-01
-8.146675676107406616e-02
-1.105832681059837341e-01
3.253140747547149658e-01
1.715516597032546997e-01
2.972756028175354004e-01
-2.909387648105621338e-01
3.771903738379478455e-02
1.832026690244674683e-01
-7.694176584482192993e-02
-7.022434473037719727e-02
-7.932447642087936401e-02
2.034473270177841187e-01
2.518414519727230072e-02
7.650279253721237183e-02
-1.332406103610992432e-01
-3.349342644214630127e-01
-7.546145468950271606e-02
2.151243537664413452e-01
-2.441393025219440460e-02
-1.888927668333053589e-01
7.604057341814041138e-02
-3.359956741333007812e-01
1.323542445898056030e-01
2.007668316364288330e-01
6.884524971246719360e-02
2.390132844448089600e-01
-2.152772843837738037e-01
5.246295928955078125e-01
-4.617924094200134277e-01
-2.026493102312088013e-01
2.351169586181640625e-01
-6.074867025017738342e-02
3.994294628500938416e-02
-1.163416132330894470e-01
-2.144260555505752563e-01
4.175631999969482422e-01
1.561687290668487549e-01
-3.097445666790008545e-01
1.900140494108200073e-01
-4.956467449665069580e-01
3.282345831394195557e-01
9.985379874706268311e-02
2.450699508190155029e-01
3.084594607353210449e-01
8.485229685902595520e-03
2.340867668390274048e-01
-4.368745088577270508e-01
-3.517938852310180664e-01
-3.124645352363586426e-01
1.349988877773284912e-01
5.316757131367921829e-03
4.205501079559326172e-01
3.550973534584045410e-01
-1.971223205327987671e-01
3.812516629695892334e-01
2.479688376188278198e-01
-1.484427899122238159e-01
-7.014029473066329956e-02
7.849117368459701538e-02
-1.485739499330520630e-01
2.155203372240066528e-01
2.738744318485260010e-01
2.236659526824951172e-01
-1.342953294515609741e-01
8.511000871658325195e-02
-3.404884934425354004e-01
-7.854294776916503906e-02
-2.229534685611724854e-01
1.824654042720794678e-01
-1.614896655082702637e-01
8.486755192279815674e-02
-1.154182478785514832e-01
1.563490033149719238e-01
-1.016561314463615417e-01
-1.196260005235671997e-01
2.791263759136199951e-01
3.327504396438598633e-01
-3.675217032432556152e-01
3.198007643222808838e-01
1.803972274065017700e-01
-2.196974009275436401e-01
2.460663765668869019e-01
-1.715683639049530029e-01
1.013033390045166016e-01
-1.201773881912231445e-01
3.697047531604766846e-01
1.115976497530937195e-01
1.111389547586441040e-01
-2.099048197269439697e-01
-3.442122787237167358e-02
2.245990782976150513e-01
3.461281955242156982e-01
-3.130812942981719971e-01
3.034118935465812683e-02
5.541751161217689514e-02
-9.846075624227523804e-02
-2.223755419254302979e-02
2.799254953861236572e-01
2.164181917905807495e-01
-3.072030842304229736e-01
4.852871596813201904e-01
-2.777407169342041016e-01
-3.167169094085693359e-01
-2.675946652889251709e-01
-4.947720170021057129e-01
2.763785719871520996e-01
-2.816466093063354492e-01
4.964578896760940552e-02
-1.340684741735458374e-01
