0.298435
0.291309
0.288121
0.285502
0.279058
0.279429
0.281671
0.280837
0.281336
0.283809
0.282333
0.284189
0.282413
0.278816
0.282839
0.282839
0.278922
0.280472
0.282986
0.280047
0.280496
0.277453
0.282014
0.285346
0.285818
0.283399
0.284513
0.284925
0.287263
0.286097
0.284748
0.288232
0.284337
0.283545
0.287459
0.286269
0.284413
0.284386
0.287081
0.293495
0.291654
0.290951
0.291053
0.29405
0.293606
0.291925
0.29158
0.29309
0.290296
0.28718
0.284279
0.280554
0.277501
0.275488
0.27646
0.276649
0.277223
0.279721
0.280357
0.279101
0.280495
